Shape: (7000, 16)

Missing values (top 10):
education          145
city_size          140
interest_rate      111
loan_type           95
duration_months      0
loan_amount          0
loan_id              0
customer_id          0
gender               0
paid_on_time         0

Numeric describe:
           loan_id  customer_id   loan_amount  duration_months  interest_rate  paid_on_time          age  employment_years        income  existing_debt  num_delinquencies
count  7000.000000  7000.000000   7000.000000      7000.000000    6889.000000   7000.000000  7000.000000       7000.000000   7000.000000    7000.000000        7000.000000
mean   3500.500000  2518.465286  20011.690734        33.311000       0.141259      0.736143    45.071000         19.763857   6892.958787   12191.851156           0.637857
std    2020.870275  1443.303674   8748.855820        15.861821       0.049863      0.440754    14.078819         11.652679   1908.661545    6860.458794           0.803885
min       1.000000     1.000000   2000.000000         6.000000       0.030000      0.000000    21.000000          0.000000   1500.000000       0.000000           0.000000
25%    1750.750000  1262.500000  13922.872500        20.000000       0.106800      0.000000    33.000000         10.000000   5564.880000    7279.490000           0.000000
50%    3500.500000  2546.000000  19921.465000        33.000000       0.140900      1.000000    45.000000         20.000000   6855.680000   12009.705000           0.000000
75%    5250.250000  3767.000000  25941.687500        47.000000       0.175400      1.000000    57.000000         30.000000   8216.280000   16807.562500           1.000000
max    7000.000000  4999.000000  57668.530000        60.000000       0.321400      1.000000    69.000000         40.000000  13018.320000   40615.460000           5.000000